2
32
4
32
16
2
8
16
8
32
8
32
2
32
16
32
64
64
2
4
2
2
8
16
4
8
4
2
16
2
2
2
8
16
32
4
8
8
2
4
64
32
8
32
32
16
64
32
64
32
16
64
32
16
64
16
16
64
64
32
4
32
16
8
32
16
8
8
4
16
16
16
32
2
8
64
64
2
64
16
32
4
2
2
32
2
16
8
32
32
32
64
32
8
8
16
64
4
64
4
32
32
2
16
16
32
8
16
128
64
4
8
4
128
128
128
4
4
4
128
64
128
8
128
32
64
128
32
128
16
128
4
128
16
4
64
4
128
64
4
32
128
8
64
32
128
4
32
32
4
64
32
64
4
32
32
64
128
128
8
128
8
8
128
4
64
16
64
128
128
32
128
128
8
32
128
64
4
128
64
4
4
4
32
64
128
16
128
4
8
16
64
128
128
64
16
16
128
16
128
32
128
16
32
16
64
64
8
16
64
8
4
64
64
8
4
32
16
8
128
16
8
64
64
32
32
8
4
4
16
4
8
8
128
32
4
32
32
128
16
16
8
128
4
128
128
8
8
128
4
8
16
4
64
8
16
16
4
64
32
128
64
32
128
4
16
32
32
4
4
128
8
128
128
8
32
16
8
128
32
128
8
128
64
16
8
64
8
64
64
32
128
16
128
8
32
16
128
32
16
128
64
64
32
4
16
16
32
16
32
64
